_viz_0 = nengo_gui.components.Value(readout)
_viz_config[_viz_0].label_visible = True
_viz_config[_viz_0].width = 0.05730659025787966
_viz_config[_viz_0].x = 0.8134605593212255
_viz_config[_viz_0].y = 0.5852182333817519
_viz_config[_viz_0].max_value = 1
_viz_config[_viz_0].min_value = -1
_viz_config[_viz_0].height = 0.12658227848101267
_viz_2 = nengo_gui.components.Slider(select)
_viz_config[_viz_2].label_visible = True
_viz_config[_viz_2].width = 0.05300859598853868
_viz_config[_viz_2].x = 0.1749300928642936
_viz_config[_viz_2].y = 0.8669364321781843
_viz_config[_viz_2].max_value = 1
_viz_config[_viz_2].min_value = -1
_viz_config[_viz_2].height = 0.12658227848101267
_viz_3 = nengo_gui.components.XYValue(system)
_viz_config[_viz_3].index_x = 0
_viz_config[_viz_3].index_y = 1
_viz_config[_viz_3].max_value = 1
_viz_config[_viz_3].min_value = -1
_viz_config[_viz_3].height = 0.12657889379756151
_viz_config[_viz_3].label_visible = True
_viz_config[_viz_3].width = 0.12501151473433883
_viz_config[_viz_3].y = 0.25208231898755684
_viz_config[_viz_3].x = 0.6676442931158181
_viz_ace_editor = nengo_gui.components.AceEditor()
_viz_net_graph = nengo_gui.components.NetGraph()
_viz_sim_control = nengo_gui.components.SimControl()
_viz_config[_viz_sim_control].kept_time = 4.0
_viz_config[_viz_sim_control].shown_time = 0.5
_viz_config[model].pos=(0.02186210121794998, -0.029831387808041485)
_viz_config[model].size=(1.0, 1.0)
_viz_config[model].expanded=True
_viz_config[model].has_layout=True
_viz_config[rate].pos=(0.11384333897193356, 0.24726430103064265)
_viz_config[rate].size=(0.048192771084337345, 0.04371584699453552)
_viz_config[readout].pos=(0.6385783822970972, 0.620446842360102)
_viz_config[readout].size=(0.060240963855421686, 0.054644808743169404)
_viz_config[readouts].pos=(0.42161426818765485, 0.6305619320841169)
_viz_config[readouts].size=(0.04999483918223483, 0.09580591740056173)
_viz_config[readouts].expanded=True
_viz_config[readouts].has_layout=True
_viz_config[readouts.ea_ensembles[0]].pos=(0.49999999999999994, 0.9090909090909091)
_viz_config[readouts.ea_ensembles[0]].size=(0.09803921568627451, 0.04545454545454545)
_viz_config[readouts.ea_ensembles[1]].pos=(0.49999999999999994, 0.36363636363636365)
_viz_config[readouts.ea_ensembles[1]].size=(0.09803921568627451, 0.04545454545454545)
_viz_config[readouts.ea_ensembles[2]].pos=(0.49999999999999994, 0.09090909090909091)
_viz_config[readouts.ea_ensembles[2]].size=(0.09803921568627451, 0.04545454545454545)
_viz_config[readouts.ea_ensembles[3]].pos=(0.49999999999999994, 0.6363636363636362)
_viz_config[readouts.ea_ensembles[3]].size=(0.09803921568627451, 0.04545454545454545)
_viz_config[readouts.input].pos=(0.12745098039215685, 0.5)
_viz_config[readouts.input].size=(0.07843137254901959, 0.03636363636363636)
_viz_config[readouts.output].pos=(0.872549019607843, 0.5)
_viz_config[readouts.output].size=(0.07843137254901959, 0.03636363636363636)
_viz_config[select].pos=(0.14306970000345218, 0.6687902054368123)
_viz_config[select].size=(0.048192771084337345, 0.04371584699453552)
_viz_config[system].pos=(0.3125765092455384, 0.2532584890816695)
_viz_config[system].size=(0.060240963855421686, 0.054644808743169404)