_viz_ace_editor = nengo_gui.components.AceEditor()
_viz_net_graph = nengo_gui.components.NetGraph()
_viz_sim_control = nengo_gui.components.SimControl()
_viz_config[_viz_sim_control].kept_time = 4.0
_viz_config[_viz_sim_control].shown_time = 0.5
_viz_config[act1].pos=(0.5796460176991151, 0.808430494234644)
_viz_config[act1].size=(0.04424778761061946, 0.030487804878048783)
_viz_config[act2].pos=(0.5796460176991151, 0.41463414634146345)
_viz_config[act2].size=(0.04424778761061946, 0.030487804878048783)
_viz_config[act3].pos=(0.5796460176991151, 0.06097560975609756)
_viz_config[act3].size=(0.04424778761061946, 0.030487804878048783)
_viz_config[bump].pos=(0.05752212389380531, 0.32317073170731714)
_viz_config[bump].size=(0.035398230088495575, 0.024390243902439025)
_viz_config[model].pos=(0, 0)
_viz_config[model].size=(1.0, 1.0)
_viz_config[model].expanded=True
_viz_config[model].has_layout=True
_viz_config[mult1].pos=(0.7566371681415929, 0.9390243902439026)
_viz_config[mult1].size=(0.04424778761061946, 0.030487804878048783)
_viz_config[mult2].pos=(0.7566371681415929, 0.5030487804878049)
_viz_config[mult2].size=(0.04424778761061946, 0.030487804878048783)
_viz_config[mult3].pos=(0.7566371681415929, 0.14939024390243905)
_viz_config[mult3].size=(0.04424778761061946, 0.030487804878048783)
_viz_config[output].pos=(0.9336283185840707, 0.5030487804878049)
_viz_config[output].size=(0.04424778761061946, 0.030487804878048783)
_viz_config[rate].pos=(0.05752212389380531, 0.15243902439024393)
_viz_config[rate].size=(0.035398230088495575, 0.024390243902439025)
_viz_config[readout].pos=(0.4026548672566371, 0.41463414634146345)
_viz_config[readout].size=(0.04424778761061946, 0.030487804878048783)
_viz_config[system].pos=(0.22566371681415928, 0.41463414634146345)
_viz_config[system].size=(0.04424778761061946, 0.030487804878048783)
_viz_config[weights].pos=(0.05752212389380531, 0.6737804878048781)
_viz_config[weights].size=(0.035398230088495575, 0.024390243902439025)